y[0]=0.21477945661427
y[1]=0.0668984591406659
y[2]=-0.0199095921062063
y[3]=-0.464288253097768
y[4]=-0.182781139894905
y[5]=-0.0777566319034615
y[6]=-0.382274030675479
y[7]=-0.123295399803556
y[8]=-0.166617488276419
y[9]=-0.279340183840082
y[10]=-0.201086942034985
y[11]=-0.272579028612215
